1 206-001 0 0 1
2 206-003 0 0 1
3 206-004 0 0 1
4 206-014 0 0 1
5 206-015 0 0 1
6 206-016 0 0 1
7 206-018 0 0 1
8 206-019 0 0 1
9 206-021 0 0 1
10 206-023 0 0 1
11 206-028 0 0 1
12 206-029 0 0 1
13 206-030 0 0 1
14 206-032 0 0 1
15 206-033 0 0 1
16 206-034 0 0 1
17 206-038 0 0 1
18 206-040 0 0 1
19 206-041 0 0 1
20 206-043 0 0 1
21 206-044 0 0 1
22 206-045 0 0 1
23 206-048 0 0 1
24 206-049 0 0 1
25 206-054 0 0 1
26 206-056 0 0 1
27 211-001 0 0 1
28 211-003 0 0 1
29 211-006 0 0 1
30 211-009 0 0 1
31 211-010 0 0 1
32 211-012 0 0 1
33 211-013 0 0 1
34 211-015 0 0 1
35 211-016 0 0 1
36 211-018 0 0 1
37 211-019 0 0 1
38 211-023 0 0 1
39 211-024 0 0 1
40 211-027 0 0 1
41 211-028 0 0 1
42 211-029 0 0 1
43 211-031 0 0 1
44 211-032 0 0 1
45 211-033 0 0 1
46 212-003 0 0 1
47 212-004 0 0 1
48 212-006 0 0 1
49 212-008 0 0 1
50 212-009 0 0 1
51 212-015 0 0 1
52 212-017 0 0 1
53 212-018 0 0 1
54 217-001 0 0 1
55 217-005 0 0 1
56 217-006 0 0 1
57 217-007 0 0 1
58 217-009 0 0 1
59 217-011 0 0 1
60 217-014 0 0 1
61 217-015 0 0 1
62 217-016 0 0 1
63 217-017 0 0 1
64 217-019 0 0 1
65 217-020 0 0 1
66 217-021 0 0 1
67 217-022 0 0 1
68 217-025 0 0 1
69 217-029 0 0 1
70 306-001 0 0 1
71 306-002 0 0 1
72 306-003 0 0 1
73 306-006 0 0 1
74 306-007 0 0 1
75 306-010 0 0 1
76 306-011 0 0 1
77 306-012 0 0 1
78 306-014 0 0 1
79 306-015 0 0 1
80 306-016 0 0 1
81 306-017 0 0 1
82 306-018 0 0 1
83 306-019 0 0 1
84 306-020 0 0 1
85 306-021 0 0 1
86 306-024 0 0 1
87 401-006 0 0 1
88 401-007 0 0 1
89 401-008 0 0 1
90 401-012 0 0 1
91 401-019 0 0 1
92 401-020 0 0 1
93 401-024 0 0 1
94 206-060 0 0 1
95 206-061 0 0 1
96 206-062 0 0 1
97 206-063 0 0 1
98 206-064 0 0 1
99 206-069 0 0 1
100 206-070 0 0 1
101 301-014 0 0 1
102 301-016 0 0 1
103 301-018 0 0 1
104 301-019 0 0 1
105 301-020 0 0 1
106 301-023 0 0 1
107 301-025 0 0 1
108 301-026 0 0 1
109 301-027 0 0 1
110 301-028 0 0 1
111 301-029 0 0 1
112 301-031 0 0 1
113 301-033 0 0 1
114 301-034 0 0 1
115 301-036 0 0 1
116 301-037 0 0 1
117 301-040 0 0 1
118 301-043 0 0 1
119 301-045 0 0 1
120 301-046 0 0 1
121 301-047 0 0 1
122 301-048 0 0 1
123 301-052 0 0 1
124 301-057 0 0 1
125 301-058 0 0 1
126 301-059 0 0 1
127 301-060 0 0 1
128 301-065 0 0 1
129 301-066 0 0 1
130 301-068 0 0 1
131 301-069 0 0 1
132 301-070 0 0 1
133 301-071 0 0 1
134 301-072 0 0 1
135 301-078 0 0 1
136 301-079 0 0 1
137 301-080 0 0 1
138 301-082 0 0 1
139 301-086 0 0 1
140 301-087 0 0 1
141 301-088 0 0 1
142 301-090 0 0 1
143 301-095 0 0 1
144 301-097 0 0 1
145 301-098 0 0 1
146 301-099 0 0 1
147 301-100 0 0 1
148 301-101 0 0 1
149 301-102 0 0 1
150 301-103 0 0 1
151 301-104 0 0 1
152 301-106 0 0 1
153 301-109 0 0 1
154 301-112 0 0 1
155 301-113 0 0 1
156 301-115 0 0 1
157 301-117 0 0 1
158 301-118 0 0 1
159 301-121 0 0 1
160 301-125 0 0 1
161 301-127 0 0 1
162 301-128 0 0 1
163 301-130 0 0 1
164 301-131 0 0 1
165 301-132 0 0 1
166 301-133 0 0 1
167 301-134 0 0 1
168 301-135 0 0 1
169 301-139 0 0 1
170 301-140 0 0 1
171 301-141 0 0 1
172 301-144 0 0 1
173 301-145 0 0 1
174 301-146 0 0 1
175 301-147 0 0 1
176 301-151 0 0 1
177 301-152 0 0 1
178 301-153 0 0 1
179 301-154 0 0 1
180 301-155 0 0 1
181 301-158 0 0 1
182 301-161 0 0 1
183 301-162 0 0 1
184 301-163 0 0 1
185 206-002 0 0 1
186 206-006 0 0 1
187 206-008 0 0 1
188 206-009 0 0 1
189 206-010 0 0 0
190 206-011 0 0 1
191 206-012 0 0 1
192 206-013 0 0 1
193 206-017 0 0 1
194 206-020 0 0 1
195 206-022 0 0 1
196 206-024 0 0 0
197 206-025 0 0 0
198 206-026 0 0 0
199 206-027 0 0 1
200 206-031 0 0 1
201 206-035 0 0 1
202 206-036 0 0 1
203 206-037 0 0 1
204 206-039 0 0 1
205 206-042 0 0 1
206 206-046 0 0 1
207 206-047 0 0 1
208 206-050 0 0 0
209 206-051 0 0 0
210 206-052 0 0 1
211 211-002 0 0 0
212 211-005 0 0 0
213 211-007 0 0 0
214 211-008 0 0 0
215 211-011 0 0 0
216 211-014 0 0 0
217 211-017 0 0 1
218 211-020 0 0 1
219 211-021 0 0 0
220 211-022 0 0 0
221 211-025 0 0 1
222 211-026 0 0 1
223 211-030 0 0 1
224 211-034 0 0 1
225 211-035 0 0 1
226 211-036 0 0 1
227 212-001 0 0 1
228 212-002 0 0 1
229 212-005 0 0 1
230 212-007 0 0 1
231 212-010 0 0 1
232 212-011 0 0 1
233 212-012 0 0 0
234 212-013 0 0 1
235 212-014 0 0 1
236 212-016 0 0 0
237 217-002 0 0 1
238 217-003 0 0 1
239 217-004 0 0 0
240 217-008 0 0 0
241 217-010 0 0 1
242 217-012 0 0 0
243 217-013 0 0 1
244 217-018 0 0 0
245 217-023 0 0 1
246 217-026 0 0 0
247 217-028 0 0 1
248 217-030 0 0 1
249 306-004 0 0 1
250 306-005 0 0 0
251 306-008 0 0 0
252 306-009 0 0 0
253 306-022 0 0 1
254 306-025 0 0 0
255 401-001 0 0 1
256 401-002 0 0 0
257 401-003 0 0 1
258 401-004 0 0 0
259 401-005 0 0 1
260 401-009 0 0 1
261 401-010 0 0 1
262 401-011 0 0 0
263 401-013 0 0 1
264 401-014 0 0 1
265 401-015 0 0 1
266 401-016 0 0 0
267 401-017 0 0 1
268 401-018 0 0 0
269 401-021 0 0 0
270 401-022 0 0 1
271 206-053 0 0 1
272 206-057 0 0 1
273 206-058 0 0 1
274 206-065 0 0 1
275 206-067 0 0 0
276 206-068 0 0 1
277 206-071 0 0 0
278 301-002 0 0 1
279 301-003 0 0 1
280 301-004 0 0 1
281 301-005 0 0 1
282 301-006 0 0 1
283 301-007 0 0 1
284 301-008 0 0 1
285 301-009 0 0 0
286 301-013 0 0 1
287 301-015 0 0 1
288 301-017 0 0 1
289 301-021 0 0 0
290 301-022 0 0 1
291 301-024 0 0 0
292 301-030 0 0 0
293 301-035 0 0 0
294 301-038 0 0 1
295 301-039 0 0 1
296 301-042 0 0 1
297 301-044 0 0 1
298 301-049 0 0 1
299 301-050 0 0 1
300 301-051 0 0 0
301 301-053 0 0 1
302 301-054 0 0 1
303 301-055 0 0 0
304 301-056 0 0 1
305 301-064 0 0 0
306 301-073 0 0 0
307 301-074 0 0 0
308 301-075 0 0 1
309 301-076 0 0 0
310 301-077 0 0 0
311 301-081 0 0 0
312 301-083 0 0 0
313 301-084 0 0 1
314 301-085 0 0 1
315 301-089 0 0 0
316 301-091 0 0 0
317 301-092 0 0 1
318 301-093 0 0 0
319 301-094 0 0 1
320 301-096 0 0 1
321 301-105 0 0 0
322 301-108 0 0 1
323 301-110 0 0 1
324 301-111 0 0 0
325 301-114 0 0 0
326 301-116 0 0 0
327 301-119 0 0 0
328 301-120 0 0 0
329 301-122 0 0 1
330 301-123 0 0 1
331 301-124 0 0 0
332 301-126 0 0 1
333 301-129 0 0 0
334 301-136 0 0 1
335 301-137 0 0 0
336 301-138 0 0 1
337 301-142 0 0 0
338 301-143 0 0 1
339 301-148 0 0 1
340 301-149 0 0 0
341 301-150 0 0 1
342 301-157 0 0 0
343 301-159 0 0 0
344 301-160 0 0 1
