1	3TX	-0.100150289179008 -0.368517451326296 1.32236802280184
2	23TX	-0.288567331173025 -0.856666312678676 0.206083129102345
3	41TX	-0.591163364771679 -0.421739600351901 -0.0330861729906009
4	54TX	-0.0387526908769466 0.0598702002646256 -0.726079658248019
5	76TX	-0.34958554637225 0.562364522176125 -0.628705667940061
6	94TX	-0.924553455394958 0.108355880612427 -2.27342396799815
7	109TX	-0.226816877220025 0.271277493765958 0.017136178897781
8	130TX	2.77664765808665 1.00537842959088 1.13404054318191
9	5TX	-0.442805016749666 1.27971072154904 -0.727058634244326
10	24TX	0.0566743919937433 -0.621057848277525 1.88706367955319
11	42TX	-1.06648081499769 -1.33712711691721 -1.06377832583937
12	56TX	-0.607044062644962 -1.11796365902379 1.06129649429218
13	80TX	-1.15507207311376 0.606523144562308 -1.12109533178845
14	95TX	0.700356960118917 0.254850509722983 0.86529236237706
15	110TX	-0.674181718158009 1.60921045515198 -0.733123285543162
16	131TX	-0.465868782203912 -1.39408584164039 0.763775261747637
17	8TX	0.204566265431592 1.21325919291504 0.253283752345332
18	26TX	1.09396534461246 -0.391385416178372 1.54958150930069
19	43TX	-0.0996389709896272 -0.376827241594811 1.56179189471943
20	57TX	-1.42996122492574 -1.29224296879065 0.415229363307927
21	81TX	-0.00415467874542923 0.359009275282541 -0.614590253230279
22	96TX	1.08100929204326 0.166563572430224 1.15624071069656
23	111TX	-0.205553338132954 0.77183072911875 -0.483735565743878
24	132TX	0.167024261381988 0.652537373871661 0.722836550132049
25	10TX	-0.450729827306055 -0.96489742168859 1.69784299597216
26	28TX	-1.20082380529888 -1.7761499966444 -0.184366974711638
27	44TX	-0.613031507779459 -0.739289752921092 1.08595719484326
28	58TX	0.362204003309745 -0.107197032473258 2.75801891807339
29	82TX	-0.349457166148569 0.52335294046564 -0.0579431386122255
30	97TX	-0.17628814839999 -0.849630389715445 1.87123733421853
31	112TX	-0.40078909284312 -0.141443053759521 0.265060782716189
32	134TX	-0.966343934863366 -0.695080386941085 0.265944243467519
33	11TX	-0.142060608249397 0.326920494551231 -1.17376916362765
34	30TX	-1.03412781339092 0.207431207973749 -1.50930672318911
35	45TX	0.300071828081387 0.395963983428203 1.27190386005734
36	59TX	-0.00667783789507205 1.17897166694399 -0.0725920276539289
37	84TX	0.323128127422552 1.11750218586227 -0.0374309717335546
38	100TX	-0.81885974742898 -0.787581962327307 -0.419187991392821
39	113TX	-0.121922738427731 -0.383572068674611 -0.10753790932969
40	135TX	-0.875076972107123 -1.60017912440267 0.367445647922867
41	12TX	0.0401607403443714 -0.508892310645347 2.38771735724069
42	31TX	-1.41028058355852 -1.77970976188277 -0.482157220880584
43	47TX	-0.564723424266993 0.897690973080935 -0.832744713827583
44	60TX	-0.761874830567479 0.157484574937224 -1.0670677770383
45	85TX	-0.258455712771976 -0.791835438768925 1.09339860710985
46	101TX	-0.918325672492267 -0.569154531278183 -0.307047053259583
47	119TX	0.220209852159378 0.780791953225249 -0.110205664381117
48	137TX	0.317577177293337 0.197199941450681 -0.00238362775795068
49	13TX	0.0733024623532773 -0.316930336323458 1.20921975950407
50	33TX	0.569763850333687 0.519174118234851 1.27876468161578
51	48TX	-0.693785275265186 0.560475283680821 -1.57749364690565
52	62TX	0.476839029691789 -1.00660669225376 2.10991674397789
53	86TX	-0.213893547457804 -0.235121500100554 0.955094850248871
54	102TX	-0.54361410964725 -0.222179381966578 -0.455782627481171
55	120TX	-1.90870139367445 -0.514519878987444 -0.350972251297442
56	138TX	1.13112044782754 2.67338514386426 -0.235665267766254
57	14TX	0.62492370305057 -0.675365070107607 1.68605541312106
58	34TX	0.870394729631329 0.379045596036618 0.944690708917163
59	49TX	-0.828713338100405 -0.646670311092626 -0.0242515083401359
60	64TX	-1.0055014057914 -2.19734217511206 -0.0113189623461981
61	87TX	-0.200510476236561 -0.124235864829902 0.668567574107695
62	103TX	-0.283020191886177 0.925818734863177 -0.922408381544155
63	123TX	1.77473791493003 2.06946811657625 1.06136183526241
64	140TX	0.680898663629942 1.25462629393861 0.498295665473978
65	15TX	-0.0673775064446041 -0.908364021150359 1.17131766369591
66	36TX	-0.508814350140536 0.315844892702343 -0.927772719653785
67	50TX	-0.853377803420195 0.376014198921952 -0.843106094392336
68	66TX	0.493996511909361 0.0984602479062036 1.4634475763147
69	88TX	-0.654709539985884 0.655979138211622 -1.61485702722538
70	104TX	0.101064101180272 -0.0589419225789262 0.562263752324412
71	124TX	-1.68103896408391 0.158574269757912 -1.62978733035296
72	141TX	0.0582725297578821 0.190075229102334 -0.00412362279560708
73	18TX	-1.10523548602446 -1.39174869671504 0.874623543033497
74	38TX	-1.31981925959415 -1.38051448876059 0.520432844910105
75	51TX	0.784732372883006 0.516692327626186 1.53318292633105
76	70TX	0.692670165582968 2.05041229280985 -0.137788240055436
77	91TX	-0.0483406956455893 -0.355716569760166 0.471457749996792
78	105TX	1.30962077697322 0.585019565835503 1.37234114408643
79	126TX	-0.786068006391528 -0.642861001059405 0.162667736279232
80	143TX	0.366922840514376 0.0355153314423089 -0.425311328639378
81	20TX	-0.157415828579531 0.691008817680792 -0.65990333383215
82	39TX	0.288461485150664 1.5895728953928 -0.328973849308864
83	52TX	1.98384254010922 2.39517840386383 -0.381042421730331
84	71TX	-1.21006714197538 -1.86333851415182 0.19326277446051
85	92TX	-0.781292034619375 -1.27752544718397 -0.273241050522301
86	107TX	-0.141674671162051 0.567691893622411 -0.972450841544069
87	127TX	-0.289636797445768 0.948614608675712 -0.129644444700455
88	144TX	2.40236713832746 0.67246903798766 1.33281927588762
89	21TX	-1.58604988892282 -1.48672083669261 0.31661352991296
90	40TX	1.45195710813401 0.0422429023990467 0.893223283123359
91	53TX	1.65441348686693 -0.0436185947510768 1.41801512608405
92	72TX	-0.753800721288622 -0.146726183563386 -1.2884689475558
93	93TX	2.22200450444308 1.22150499636238 0.950751603111663
94	108TX	-0.403816883822691 -0.0162512646488054 -0.131370143662993
95	128TX	0.651060411296672 0.864582273501623 0.349321001453233
96	149TX	0.162860932686384 -0.609008725685726 1.70728519314664
97	150TX	0.676599031285291 0.801560363123618 0.901648215481431
98	167TX	0.122321524235299 1.50584988919713 -0.983037628621372
99	180TX	-0.328090639766335 1.49722877969904 -0.31537297496004
100	195TX	0.200487399628792 -0.447911183913537 -1.31253611059667
101	214TX	0.554120263605902 -1.05953011272638 0.149329118220628
102	236TX	0.556541214549037 0.423376128103228 0.6883871231591
103	255TX	1.61811322409247 0.166137310477479 1.91960214737487
104	269TX	1.22812804183044 -0.0223604577828576 0.586225881266074
105	151TX	-1.49320114232549 -1.08068788493568 -1.4351677626955
106	168TX	-0.536968673620922 0.5248629886203 -1.48169676823981
107	181TX	-2.22059645497565 -0.0535499743308377 0.237547677515446
108	196TX	-0.0734330884037469 -2.10150205349574 -1.32758885388484
109	216TX	0.209761872919945 1.08089874238097 -0.901356671011129
110	238TX	1.17649563143995 0.538840074224344 0.871454807854199
111	256TX	0.754156916598549 -0.205605201688705 -1.0707547065383
112	270TX	0.953716255508454 0.192316291861351 -0.578791545293281
113	152TX	-0.603574809850685 -0.73871157860024 -0.273193485595546
114	169TX	-0.0673775064446041 0.272169111578119 0.463586952668899
115	182TX	0.399673983160902 1.74561833393095 0.160846703735057
116	197TX	0.837929910943904 1.3768887476288 -1.20361621321475
117	218TX	0.543003631794961 1.00421804709733 -2.48538475479153
118	239TX	-1.98899470443087 -2.80358160380698 0.0780095283841241
119	257TX	1.0735580009716 -0.235836445803564 0.712223867427137
120	271TX	1.0092619716223 0.529440553267382 -0.450019131258513
121	153TX	-1.33520866254979 1.30760283548051 -0.773883398002596
122	170TX	-0.00456211984869599 0.393531790063893 0.387331452446825
123	183TX	0.0833849064095521 1.3438673048688 0.182467043805731
124	198TX	0.587762207085315 -1.13515277103713 0.954985145303803
125	220TX	0.2739934534774 -0.276915348325293 0.137932637499013
126	241TX	-0.901168190274695 -1.56643245379383 0.549584789725728
127	258TX	0.733971643401407 0.264084442984991 -1.37005043753407
128	272TX	0.954979247183369 0.258024688265382 0.724195890421291
129	155TX	-0.356145760161321 0.90259590544294 -0.482672647273952
130	171TX	1.47745170957535 1.72822450392879 1.22803808431369
131	184TX	-2.79441561815651 0.729632479442575 -2.79171312899819
132	200TX	0.370078569071626 1.49222244918798 -1.91292819347157
133	223TX	0.481380716161146 0.257162789520182 -1.18901857796419
134	242TX	-0.503449252300499 0.264340230183474 0.268260753934674
135	259TX	1.37220647532006 -0.00143560644057379 0.166603513291781
136	273TX	1.41173725007736 1.21033706347731 0.572342554409605
137	158TX	-0.719638815678564 0.344723088730566 -0.807190076757842
138	172TX	-1.10927254066389 0.906191673409135 -2.05964614745598
139	186TX	-0.318392335920098 -0.918878718455818 0.163648281446322
140	201TX	0.97128440714029 -0.366880777799821 0.449710963503186
141	225TX	0.894792222357894 1.88819118475249 -0.991035864147028
142	243TX	1.51373256494991 0.140446933533853 0.783422776400709
143	260TX	1.23273078546544 -0.0633169077695388 -0.133042482951176
144	274TX	1.83849665393329 2.29813727699929 0.335270499111229
145	160TX	-1.01054772409069 -1.16648826393247 -0.616032575744717
146	174TX	-0.749259034819264 0.345409405898608 -0.247773988355394
147	187TX	-0.384186168754308 -0.414398672942327 -0.272340419637246
148	203TX	0.0990455738605576 -0.688738451874152 -1.68755564109154
149	226TX	-1.35892635855643 -1.81885797040875 0.0949136257812501
150	245TX	-1.25114963845528 -0.17303793220706 -1.19093575629519
151	261TX	0.808670592715952 0.855906194659693 -0.577970604286247
152	276TX	0.419354624528116 -1.40592648172262 -0.258273424596435
153	161TX	-2.41761193924768 -0.353404289962967 -0.540804778597281
154	175TX	-1.24660795198592 -0.514321609716332 -0.617264756045611
155	189TX	2.07810053058491 0.850945724523928 0.218046267808307
156	204TX	-1.76626501984361 -0.727992450696435 -1.19793156994961
157	227TX	0.483903875310789 -0.842893870871221 0.656467225398023
158	247TX	-1.12875918681425 0.842002253131787 -0.459415229443206
159	264TX	1.89143806543452 1.30585198835615 0.737413154177591
160	277TX	1.0051809436584 -0.139429341929216 -0.0826271088185635
161	163TX	-2.10091480895405 -1.53065513799278 -0.613973380935688
162	176TX	-0.203812136983164 0.682476799674858 -0.270766724492081
163	190TX	1.34831351242293 -0.138960440277096 0.941348356565723
164	206TX	0.0733643361256909 -1.09763131564217 -1.01488062565898
165	228TX	-1.66943243199555 -1.09688488970898 -1.85278637968779
166	250TX	1.68693995517847 0.876410232311041 0.79714644285481
167	265TX	0.455005169297943 0.0681782889054388 -0.907588053902687
168	279TX	0.476334397861861 -0.455449500484689 0.0527815789624165
169	164TX	-0.454262250115555 1.90581900753219 -0.0824774657230789
170	177TX	-0.0160442585301612 0.281359927430003 0.475123974359462
171	191TX	0.920036167331432 -0.817843176136496 -0.746875846332903
172	207TX	0.145605879779119 -1.68179813969224 -0.582312060108631
173	229TX	0.242354617925449 -0.659827611139571 0.51710906521959
174	251TX	-0.966186993464159 -1.17038183720661 0.622999726164169
175	266TX	0.432606534128734 -1.93070179904574 -0.7021564088152
176	280TX	0.605004159472609 0.66771367166008 -0.245978426561666
177	165TX	-0.638263099275887 -0.485511121084965 -0.168981285005438
178	178TX	-0.647140062536955 -0.242396040354589 0.0542363589183981
179	193TX	0.351369847445922 -1.16817391402925 0.791928197613262
180	211TX	1.5394474946692 -0.642437862461933 2.28970880912497
181	230TX	0.274896628355479 -0.42723215470334 0.309667033184149
182	252TX	1.28879393673707 -0.565291425105204 0.462071658197665
183	267TX	0.590348536250181 1.042840565933 -0.872332836481131
184	281TX	0.770588920168514 -1.11291593444052 -0.709506341061601
185	166TX	-0.421805314545017 -0.581681697787624 0.914070129549637
186	179TX	-1.52746347038034 0.482599560644876 -1.31008150583915
187	194TX	-1.57292946134467 -2.38614707311452 -1.72298694533285
188	213TX	0.861144432598821 -0.114735991335598 0.418991005118198
189	231TX	-1.81488480394901 -0.6573157892878 -2.03526200366429
190	253TX	1.0365451265182 -0.245125434166292 -0.0588270381508292
191	268TX	1.1674539395824 1.29651872460788 -0.139692008457814
192	282TX	0.833894313782678 0.571158487884239 0.49802124478863
