-0.100150289179008 -0.368517451326296 1.32236802280184
-0.288567331173025 -0.856666312678676 0.206083129102345
-0.591163364771679 -0.421739600351901 -0.0330861729906009
-0.0387526908769466 0.0598702002646256 -0.726079658248019
-0.34958554637225 0.562364522176125 -0.628705667940061
-0.924553455394958 0.108355880612427 -2.27342396799815
-0.226816877220025 0.271277493765958 0.017136178897781
2.77664765808665 1.00537842959088 1.13404054318191
-0.442805016749666 1.27971072154904 -0.727058634244326
0.0566743919937433 -0.621057848277525 1.88706367955319
-1.06648081499769 -1.33712711691721 -1.06377832583937
-0.607044062644962 -1.11796365902379 1.06129649429218
-1.15507207311376 0.606523144562308 -1.12109533178845
0.700356960118917 0.254850509722983 0.86529236237706
-0.674181718158009 1.60921045515198 -0.733123285543162
-0.465868782203912 -1.39408584164039 0.763775261747637
0.204566265431592 1.21325919291504 0.253283752345332
1.09396534461246 -0.391385416178372 1.54958150930069
-0.0996389709896272 -0.376827241594811 1.56179189471943
-1.42996122492574 -1.29224296879065 0.415229363307927
-0.00415467874542923 0.359009275282541 -0.614590253230279
1.08100929204326 0.166563572430224 1.15624071069656
-0.205553338132954 0.77183072911875 -0.483735565743878
0.167024261381988 0.652537373871661 0.722836550132049
-0.450729827306055 -0.96489742168859 1.69784299597216
-1.20082380529888 -1.7761499966444 -0.184366974711638
-0.613031507779459 -0.739289752921092 1.08595719484326
0.362204003309745 -0.107197032473258 2.75801891807339
-0.349457166148569 0.52335294046564 -0.0579431386122255
-0.17628814839999 -0.849630389715445 1.87123733421853
-0.40078909284312 -0.141443053759521 0.265060782716189
-0.966343934863366 -0.695080386941085 0.265944243467519
-0.142060608249397 0.326920494551231 -1.17376916362765
-1.03412781339092 0.207431207973749 -1.50930672318911
0.300071828081387 0.395963983428203 1.27190386005734
-0.00667783789507205 1.17897166694399 -0.0725920276539289
0.323128127422552 1.11750218586227 -0.0374309717335546
-0.81885974742898 -0.787581962327307 -0.419187991392821
-0.121922738427731 -0.383572068674611 -0.10753790932969
-0.875076972107123 -1.60017912440267 0.367445647922867
0.0401607403443714 -0.508892310645347 2.38771735724069
-1.41028058355852 -1.77970976188277 -0.482157220880584
-0.564723424266993 0.897690973080935 -0.832744713827583
-0.761874830567479 0.157484574937224 -1.0670677770383
-0.258455712771976 -0.791835438768925 1.09339860710985
-0.918325672492267 -0.569154531278183 -0.307047053259583
0.220209852159378 0.780791953225249 -0.110205664381117
0.317577177293337 0.197199941450681 -0.00238362775795068
0.0733024623532773 -0.316930336323458 1.20921975950407
0.569763850333687 0.519174118234851 1.27876468161578
-0.693785275265186 0.560475283680821 -1.57749364690565
0.476839029691789 -1.00660669225376 2.10991674397789
-0.213893547457804 -0.235121500100554 0.955094850248871
-0.54361410964725 -0.222179381966578 -0.455782627481171
-1.90870139367445 -0.514519878987444 -0.350972251297442
1.13112044782754 2.67338514386426 -0.235665267766254
0.62492370305057 -0.675365070107607 1.68605541312106
0.870394729631329 0.379045596036618 0.944690708917163
-0.828713338100405 -0.646670311092626 -0.0242515083401359
-1.0055014057914 -2.19734217511206 -0.0113189623461981
-0.200510476236561 -0.124235864829902 0.668567574107695
-0.283020191886177 0.925818734863177 -0.922408381544155
1.77473791493003 2.06946811657625 1.06136183526241
0.680898663629942 1.25462629393861 0.498295665473978
-0.0673775064446041 -0.908364021150359 1.17131766369591
-0.508814350140536 0.315844892702343 -0.927772719653785
-0.853377803420195 0.376014198921952 -0.843106094392336
0.493996511909361 0.0984602479062036 1.4634475763147
-0.654709539985884 0.655979138211622 -1.61485702722538
0.101064101180272 -0.0589419225789262 0.562263752324412
-1.68103896408391 0.158574269757912 -1.62978733035296
0.0582725297578821 0.190075229102334 -0.00412362279560708
-1.10523548602446 -1.39174869671504 0.874623543033497
-1.31981925959415 -1.38051448876059 0.520432844910105
0.784732372883006 0.516692327626186 1.53318292633105
0.692670165582968 2.05041229280985 -0.137788240055436
-0.0483406956455893 -0.355716569760166 0.471457749996792
1.30962077697322 0.585019565835503 1.37234114408643
-0.786068006391528 -0.642861001059405 0.162667736279232
0.366922840514376 0.0355153314423089 -0.425311328639378
-0.157415828579531 0.691008817680792 -0.65990333383215
0.288461485150664 1.5895728953928 -0.328973849308864
1.98384254010922 2.39517840386383 -0.381042421730331
-1.21006714197538 -1.86333851415182 0.19326277446051
-0.781292034619375 -1.27752544718397 -0.273241050522301
-0.141674671162051 0.567691893622411 -0.972450841544069
-0.289636797445768 0.948614608675712 -0.129644444700455
2.40236713832746 0.67246903798766 1.33281927588762
-1.58604988892282 -1.48672083669261 0.31661352991296
1.45195710813401 0.0422429023990467 0.893223283123359
1.65441348686693 -0.0436185947510768 1.41801512608405
-0.753800721288622 -0.146726183563386 -1.2884689475558
2.22200450444308 1.22150499636238 0.950751603111663
-0.403816883822691 -0.0162512646488054 -0.131370143662993
0.651060411296672 0.864582273501623 0.349321001453233
0.162860932686384 -0.609008725685726 1.70728519314664
0.676599031285291 0.801560363123618 0.901648215481431
0.122321524235299 1.50584988919713 -0.983037628621372
-0.328090639766335 1.49722877969904 -0.31537297496004
0.200487399628792 -0.447911183913537 -1.31253611059667
0.554120263605902 -1.05953011272638 0.149329118220628
0.556541214549037 0.423376128103228 0.6883871231591
1.61811322409247 0.166137310477479 1.91960214737487
1.22812804183044 -0.0223604577828576 0.586225881266074
-1.49320114232549 -1.08068788493568 -1.4351677626955
-0.536968673620922 0.5248629886203 -1.48169676823981
-2.22059645497565 -0.0535499743308377 0.237547677515446
-0.0734330884037469 -2.10150205349574 -1.32758885388484
0.209761872919945 1.08089874238097 -0.901356671011129
1.17649563143995 0.538840074224344 0.871454807854199
0.754156916598549 -0.205605201688705 -1.0707547065383
0.953716255508454 0.192316291861351 -0.578791545293281
-0.603574809850685 -0.73871157860024 -0.273193485595546
-0.0673775064446041 0.272169111578119 0.463586952668899
0.399673983160902 1.74561833393095 0.160846703735057
0.837929910943904 1.3768887476288 -1.20361621321475
0.543003631794961 1.00421804709733 -2.48538475479153
-1.98899470443087 -2.80358160380698 0.0780095283841241
1.0735580009716 -0.235836445803564 0.712223867427137
1.0092619716223 0.529440553267382 -0.450019131258513
-1.33520866254979 1.30760283548051 -0.773883398002596
-0.00456211984869599 0.393531790063893 0.387331452446825
0.0833849064095521 1.3438673048688 0.182467043805731
0.587762207085315 -1.13515277103713 0.954985145303803
0.2739934534774 -0.276915348325293 0.137932637499013
-0.901168190274695 -1.56643245379383 0.549584789725728
0.733971643401407 0.264084442984991 -1.37005043753407
0.954979247183369 0.258024688265382 0.724195890421291
-0.356145760161321 0.90259590544294 -0.482672647273952
1.47745170957535 1.72822450392879 1.22803808431369
-2.79441561815651 0.729632479442575 -2.79171312899819
0.370078569071626 1.49222244918798 -1.91292819347157
0.481380716161146 0.257162789520182 -1.18901857796419
-0.503449252300499 0.264340230183474 0.268260753934674
1.37220647532006 -0.00143560644057379 0.166603513291781
1.41173725007736 1.21033706347731 0.572342554409605
-0.719638815678564 0.344723088730566 -0.807190076757842
-1.10927254066389 0.906191673409135 -2.05964614745598
-0.318392335920098 -0.918878718455818 0.163648281446322
0.97128440714029 -0.366880777799821 0.449710963503186
0.894792222357894 1.88819118475249 -0.991035864147028
1.51373256494991 0.140446933533853 0.783422776400709
1.23273078546544 -0.0633169077695388 -0.133042482951176
1.83849665393329 2.29813727699929 0.335270499111229
-1.01054772409069 -1.16648826393247 -0.616032575744717
-0.749259034819264 0.345409405898608 -0.247773988355394
-0.384186168754308 -0.414398672942327 -0.272340419637246
0.0990455738605576 -0.688738451874152 -1.68755564109154
-1.35892635855643 -1.81885797040875 0.0949136257812501
-1.25114963845528 -0.17303793220706 -1.19093575629519
0.808670592715952 0.855906194659693 -0.577970604286247
0.419354624528116 -1.40592648172262 -0.258273424596435
-2.41761193924768 -0.353404289962967 -0.540804778597281
-1.24660795198592 -0.514321609716332 -0.617264756045611
2.07810053058491 0.850945724523928 0.218046267808307
-1.76626501984361 -0.727992450696435 -1.19793156994961
0.483903875310789 -0.842893870871221 0.656467225398023
-1.12875918681425 0.842002253131787 -0.459415229443206
1.89143806543452 1.30585198835615 0.737413154177591
1.0051809436584 -0.139429341929216 -0.0826271088185635
-2.10091480895405 -1.53065513799278 -0.613973380935688
-0.203812136983164 0.682476799674858 -0.270766724492081
1.34831351242293 -0.138960440277096 0.941348356565723
0.0733643361256909 -1.09763131564217 -1.01488062565898
-1.66943243199555 -1.09688488970898 -1.85278637968779
1.68693995517847 0.876410232311041 0.79714644285481
0.455005169297943 0.0681782889054388 -0.907588053902687
0.476334397861861 -0.455449500484689 0.0527815789624165
-0.454262250115555 1.90581900753219 -0.0824774657230789
-0.0160442585301612 0.281359927430003 0.475123974359462
0.920036167331432 -0.817843176136496 -0.746875846332903
0.145605879779119 -1.68179813969224 -0.582312060108631
0.242354617925449 -0.659827611139571 0.51710906521959
-0.966186993464159 -1.17038183720661 0.622999726164169
0.432606534128734 -1.93070179904574 -0.7021564088152
0.605004159472609 0.66771367166008 -0.245978426561666
-0.638263099275887 -0.485511121084965 -0.168981285005438
-0.647140062536955 -0.242396040354589 0.0542363589183981
0.351369847445922 -1.16817391402925 0.791928197613262
1.5394474946692 -0.642437862461933 2.28970880912497
0.274896628355479 -0.42723215470334 0.309667033184149
1.28879393673707 -0.565291425105204 0.462071658197665
0.590348536250181 1.042840565933 -0.872332836481131
0.770588920168514 -1.11291593444052 -0.709506341061601
-0.421805314545017 -0.581681697787624 0.914070129549637
-1.52746347038034 0.482599560644876 -1.31008150583915
-1.57292946134467 -2.38614707311452 -1.72298694533285
0.861144432598821 -0.114735991335598 0.418991005118198
-1.81488480394901 -0.6573157892878 -2.03526200366429
1.0365451265182 -0.245125434166292 -0.0588270381508292
1.1674539395824 1.29651872460788 -0.139692008457814
0.833894313782678 0.571158487884239 0.49802124478863
