CHR SNP UNADJ FDR_BH BP
22 rs8138080 2.683e-21 8.39e-19 42396371
22 rs4467371 2.26e-20 3.032e-18 42541328
22 rs2011944 6.327e-20 5.659e-18 42569999
22 rs1062753 7.039e-20 5.666e-18 42392811
22 rs4453786 7.743e-19 5.194e-17 42563308
22 rs5751247 2.384e-18 1.371e-16 42633054
22 rs5758651 3.425e-18 1.451e-16 42609148
22 rs5751221 1.307e-17 4.782e-16 42516366
22 rs7245 4.272e-17 1.186e-15 42481849
22 rs2284087 4.272e-17 1.186e-15 42485671
22 rs5758589 4.272e-17 1.186e-15 42518382
22 rs932376 1.72e-16 4.616e-15 42614362
22 rs1063392 4.19e-16 9.369e-15 42454950
22 rs133335 5.603e-16 1.219e-14 42416056
22 rs8140869 5.992e-15 1.122e-13 42344297
22 rs5758511 6.97e-13 1.194e-11 42336172
22 rs5751191 8.005e-13 1.342e-11 42370991
22 rs5751255 5.512e-12 8.7e-11 42648408
22 rs5751239 7.544e-12 1.125e-10 42592239
22 rs742086 1.05e-11 1.537e-10 42552253
22 rs1052717 2.315e-10 3.158e-09 42281429
22 rs133280 2.638e-10 3.482e-09 42255525
22 rs134871 4.373e-10 5.678e-09 42652716
22 rs6002673 6.835e-07 8.337e-06 42691296
22 rs7285782 2.297e-05 0.0002604 42225018
22 rs17365991 5.061e-05 0.0005658 41790179
22 rs9607821 0.000112 0.001186 41983938
8 rs1487173 0.00163 0.0162 122405332
1 rs3795523 0.002716 0.02666 214813941
8 rs1042381 0.003508 0.03402 97614661
22 rs60133761 3.425e-18 1.451e-16 42668504
22 rs140061401 4.19e-16 9.369e-15 42395960
