CHR SNP UNADJ FDR_BH
22 kgp4109925 1.548e-05 0.006183
22 rs5751247 4.809e-05 0.006183
22 kgp5009187 5.352e-05 0.006183
22 kgp12372278 5.457e-05 0.006183
22 kgp10833329 7.45e-05 0.006183
22 rs4453786 8.222e-05 0.006183
22 kgp3626759 9.477e-05 0.006183
22 rs4467371 0.0001062 0.006183
22 rs932376 0.0001064 0.006183
22 kgp276463 0.0001075 0.006183
22 kgp9467178 0.0001161 0.006183
22 rs2011944 0.0001161 0.006183
22 kgp5109906 0.000122 0.006183
22 rs5758651 0.0001382 0.006183
22 kgp7142867 0.0001382 0.006183
22 kgp2506118 0.0001382 0.006183
22 kgp10741447 0.0001382 0.006183
22 kgp8677086 0.0001382 0.006183
22 kgp4354372 0.0001591 0.006741
3 rs6797429 0.0001817 0.007091
22 kgp10756158 0.000185 0.007091
22 kgp75093 0.0002926 0.01071
22 kgp10581167 0.0003097 0.01084
22 kgp7814563 4e-04 0.01342
22 rs1062753 0.000459 0.01415
22 rs7245 0.0004921 0.01415
22 rs2284087 0.0004921 0.01415
22 rs5758589 0.0004921 0.01415
22 rs8138080 0.0005123 0.01422
22 rs5751221 0.0005394 0.01447
22 kgp11849808 0.000568 0.01475
12 rs4149025 0.0007163 0.01802
22 rs1052717 0.000948 0.02292
22 rs133280 0.0009966 0.02292
22 kgp2200199 0.0009966 0.02292
22 kgp7192805 0.00118 0.02606
22 kgp9509994 0.001199 0.02606
22 kgp8833048 0.001383 0.02606
22 kgp2384489 0.001383 0.02606
22 kgp9081934 0.001424 0.02606
22 kgp12016588 0.001424 0.02606
22 kgp11007658 0.001424 0.02606
22 kgp3385976 0.001424 0.02606
22 rs1063392 0.001424 0.02606
22 rs133335 0.001566 0.02802
22 kgp10044496 0.001734 0.02949
22 kgp12156374 0.001734 0.02949
22 rs742086 0.001758 0.02949
22 rs5751255 0.002014 0.03309
22 rs5751191 0.002204 0.03549
23 rs3761536 0.002431 0.03709
22 kgp11017363 0.002442 0.03709
22 kgp137964 0.002442 0.03709
23 rs2040401 0.002717 0.0405
22 kgp6136748 0.002809 0.04111
22 kgp5552913 0.003071 0.04388
22 kgp4808917 0.003107 0.04388
22 kgp7721525 0.003424 0.04604
22 kgp2660985 0.003424 0.04604
22 kgp1071563 0.003431 0.04604
22 rs8140869 0.00377 0.04976
