CHR SNP UNADJ FDR_BH
22 kgp10581167 2.588e-21 8.39e-19
22 rs8138080 2.683e-21 8.39e-19
22 kgp12372278 3.899e-21 8.39e-19
22 kgp5009187 4.169e-21 8.39e-19
22 kgp276463 1.29e-20 2.077e-18
22 rs4467371 2.26e-20 3.032e-18
22 kgp5109906 2.894e-20 3.328e-18
22 kgp9467178 6.327e-20 5.659e-18
22 rs2011944 6.327e-20 5.659e-18
22 rs1062753 7.039e-20 5.666e-18
22 kgp4109925 1.375e-19 1.006e-17
22 rs4453786 7.743e-19 5.194e-17
22 kgp3626759 9.762e-19 6.045e-17
22 rs5751247 2.384e-18 1.371e-16
22 rs5758651 3.425e-18 1.451e-16
22 kgp7142867 3.425e-18 1.451e-16
22 kgp2506118 3.425e-18 1.451e-16
22 kgp10741447 3.425e-18 1.451e-16
22 kgp8677086 3.425e-18 1.451e-16
22 kgp4354372 4.279e-18 1.722e-16
22 kgp9509994 4.726e-18 1.812e-16
22 rs5751221 1.307e-17 4.782e-16
22 kgp11849808 1.6e-17 5.6e-16
22 kgp10756158 2.99e-17 9.764e-16
22 kgp7814563 3.032e-17 9.764e-16
22 kgp75093 4.02e-17 1.186e-15
22 rs7245 4.272e-17 1.186e-15
22 rs2284087 4.272e-17 1.186e-15
22 rs5758589 4.272e-17 1.186e-15
22 rs932376 1.72e-16 4.616e-15
22 kgp10833329 2.473e-16 6.421e-15
22 kgp9081934 4.19e-16 9.369e-15
22 kgp12016588 4.19e-16 9.369e-15
22 kgp11007658 4.19e-16 9.369e-15
22 kgp3385976 4.19e-16 9.369e-15
22 rs1063392 4.19e-16 9.369e-15
22 rs133335 5.603e-16 1.219e-14
22 kgp11017363 6.68e-16 1.379e-14
22 kgp137964 6.68e-16 1.379e-14
22 kgp8833048 8.707e-16 1.71e-14
22 kgp2384489 8.707e-16 1.71e-14
22 kgp4808917 2.327e-15 4.46e-14
22 rs8140869 5.992e-15 1.122e-13
22 kgp7971656 7.17e-15 1.312e-13
22 kgp5966902 1.623e-14 2.903e-13
22 kgp1071563 5.581e-14 9.767e-13
22 rs5758511 6.97e-13 1.194e-11
22 rs5751191 8.005e-13 1.342e-11
22 kgp5552913 2.947e-12 4.841e-11
22 kgp6136748 3.422e-12 5.509e-11
22 rs5751255 5.512e-12 8.7e-11
22 kgp10044496 6.683e-12 1.015e-10
22 kgp12156374 6.683e-12 1.015e-10
22 rs5751239 7.544e-12 1.125e-10
22 rs742086 1.05e-11 1.537e-10
22 kgp7721525 1.638e-11 2.314e-10
22 kgp2660985 1.638e-11 2.314e-10
22 kgp7689608 2.626e-11 3.645e-10
22 rs1052717 2.315e-10 3.158e-09
22 rs133280 2.638e-10 3.482e-09
22 kgp2200199 2.638e-10 3.482e-09
22 rs134871 4.373e-10 5.678e-09
22 kgp9873491 6.172e-10 7.886e-09
22 kgp958789 1.675e-09 2.107e-08
22 kgp3184546 1.301e-08 1.611e-07
22 rs6002673 6.835e-07 8.337e-06
22 kgp9121567 9.625e-06 0.0001156
22 kgp11471870 1.002e-05 0.0001186
22 kgp3940114 1.179e-05 0.0001376
22 kgp4486229 1.545e-05 0.0001776
22 rs7285782 2.297e-05 0.0002604
22 rs17365991 5.061e-05 0.0005658
22 kgp8630858 8.289e-05 0.0009141
22 kgp10372676 9.461e-05 0.001029
22 kgp8169721 9.849e-05 0.001057
22 rs9607821 0.000112 0.001186
22 kgp282841 0.000134 0.001401
22 kgp11073643 0.0001385 0.001429
22 kgp2765119 0.0001453 0.001481
22 kgp7192805 0.0001564 0.001574
8 rs1487173 0.00163 0.0162
1 rs3795523 0.002716 0.02666
8 rs1042381 0.003508 0.03402
