23523       22   24407642   24574596      1       1  192      0.43445      0.33198    0.0049542            0
114904      22   37576206   37594341      1       1  192      0.41702      0.33833     0.004826            0
5880        22   37621301   37640339      2       2  192       3.2054   0.00067431     0.074358     0.064563
2033        22   41488614   41576081      1       1  192       1.0769      0.14076     0.011384    0.0061805
150356      22   41605861   41636935      1       1  192       1.7467     0.040348     0.021936     0.016788
7008        22   41763337   41795332      1       1  192       1.0053      0.15737     0.010495    0.0052873
50          22   41865099   41924993      1       1  192         1.69     0.045513     0.020884     0.015731
5372        22   41972890   41985871      1       1  192       0.7339      0.23151     0.007526    0.0023025
150365      22   42095518   42195459      2       2  192       1.6247      0.05211      0.03078     0.020524
79879       22   42196636   42228175      1       1  192       1.4368     0.075382     0.016546      0.01137
6721        22   42229083   42303312      7       4  192       2.2361     0.012671     0.065476     0.045486
440829      22   42305558   42310671      1       1  192        2.869    0.0020591     0.048876      0.04387
79019       22   42334531   42343155      1       1  192       2.5178    0.0059044     0.039206     0.034149
55964       22   42372855   42394225      4       2  192       3.1668   0.00077054     0.073051     0.063242
164684      22   42391607   42428935      7       2  192       3.1975   0.00069317     0.074088      0.06429
4668        22   42454338   42466852      3       2  192       3.1177   0.00091125     0.071404     0.061577
4700        22   42481530   42486888      2       1  192       3.3911   0.00034808     0.065276     0.060356
6942        22   
23313       22   
5465        22   
