2.4550
2.4340
2.3750
2.2980
2.2730
2.2540
2.2140
2.1940
2.1750
2.1170
  0.0314  0.2065 -0.0029  0.0654  0.0589 -0.0693 -0.0582 -0.1284 -0.0152 -0.1059
  0.0515 -0.0127  0.0452 -0.0620  0.0142 -0.0587  0.0994 -0.0171  0.0424  0.0464
 -0.0433  0.0215  0.0782 -0.0459  0.0285  0.0766  0.0550  0.0597 -0.0418 -0.0624
 -0.0020 -0.0244  0.0300 -0.1561  0.0498  0.0116 -0.0489 -0.0025 -0.0028 -0.0471
  0.0388 -0.0367  0.0474 -0.1015 -0.0319  0.0290  0.0534  0.0550  0.0321 -0.0237
 -0.0649  0.0589  0.0100  0.0319  0.1119 -0.0525 -0.0062  0.0109 -0.0404  0.0280
 -0.1136  0.1426 -0.0497  0.0420 -0.0681  0.0813 -0.0240 -0.0469  0.0030  0.0173
 -0.0088  0.0987  0.0678 -0.0062 -0.0465  0.0564 -0.0513  0.0028 -0.0175  0.0081
  0.0550  0.0088  0.0021  0.0433  0.0279  0.0127  0.0987  0.1208 -0.0145 -0.0503
  0.0521  0.0046  0.0631  0.0072 -0.0121 -0.0652 -0.0872 -0.0526 -0.0060 -0.0421
